114.52208184420766 38.048958314615454
118.18345059773411 39.6505309225366
119.6043676161184 39.945461565897574
114.4826939323422 36.60930792847117
114.52048681294414 37.069531196911996
115.49481016907626 38.88656454802744
114.89378153032918 40.81118849110306
117.93382245583847 40.992521052457136
116.86380647644208 38.297615350325714
116.70360222263986 39.51861062508462
115.68622865290865 37.74692904585666
112.5508635890553 37.89027705396754
124.6990773926766 46.07005100166291
113.56923760163296 37.86952949322259
113.12029208572514 36.20166438574343
112.86733275750684 35.49983446722556
112.47992772666272 39.33767196622064
112.73851439991773 37.69336152679759
111.00685365308033 35.03885947981193
112.72793882880985 38.46103057295889
111.53878759640808 36.09974544358536
111.14315660234801 37.52731609696258
111.6603505200542 40.828318873081585
109.84623853249181 40.64711942570857
106.83199909716231 39.683177006785236
118.9307611921676 42.297112320317325
122.26036326322144 43.633756072995986
109.99370625145134 39.81648956060153
119.76082179399947 49.201636054604336
107.42380671968002 40.76917990242912
113.11284639067514 41.02236294675116
130.2443753363412 47.233710065720295
116.11850055585587 44.48976050515036
113.64751252751658 41.207066041903715
123.43279092160505 41.808644783515746
121.59347778143518 38.94870993830429
123.0077633288837 41.118743682153465
123.92981976705381 41.8773038295909
123.77806236979248 41.32583762664885
124.33854311476908 40.1290228266375
121.14774873823639 41.13087887591732
122.23339137079269 40.66865106647352
121.66082212856833 42.01925010706022
123.17245120514733 41.27333926556943
122.07322781023007 41.14124802295616
123.85484961461594 42.29975701212545
116.52169489108084 39.95895316640668
120.86075764475588 40.743029881317504
125.31364242720072 43.89833760709784
126.56454398883335 43.87198833435933
124.39138207367984 43.17552470112557
125.13368605218399 42.923302619053665
125.94265013851434 41.73639712986761
126.43579767534614 41.94585939701795
124.83299453234117 45.136048970084005
122.84077667910014 45.621086275218886
129.4859019581615 42.896413603744136
126.65771685544611 45.7732246332393
123.9872889421725 47.34769981336638
130.94176727325066 45.32153988655108
130.29247205063453 47.33866590372683
131.1714017395816 46.65510206248248
125.02183973021087 46.596709020007594
128.9005796425911 47.741959238189104
130.28473458595482 46.813779604740354
131.0190480471218 45.77500536864039
129.608035395637 44.58852115278252
127.50083029523519 50.250690090738274
126.98909457163498 46.64606392699692
124.19610419017351 51.9917889680144
118.77807440802562 32.05723550180587
120.30545590053595 31.57003745192303
117.18810662317686 34.27155343109188
119.98186101345706 31.771396744684242
120.61990711548988 31.317987367952437
120.87380095093022 32.014664540823446
119.17387221741889 34.60154896700999
119.31329513263806 33.52834896694177
120.14887181793894 33.379861877120995
119.42777755116975 32.40850525456844
119.45583540512952 32.20440944359928
119.91960601619071 32.47605327483028
118.29689337855334 33.95204973370865
120.2193754157201 30.259244461536102
121.57900597258933 29.885258965918055
120.6906347337091 28.002837594041246
120.76042769895746 30.77399223958183
120.13724316328172 30.877925155690896
120.59246738555154 30.00236458052847
119.65257570368145 29.10289910539069
118.87584165150854 28.95691044753569
122.1698720983516 30.036010302553937
121.44061293593727 28.668283285674367
119.92957584318849 28.4562995521443
117.28269909168304 31.86694226068694
118.38410842322828 31.36601978754301
117.35707986587582 32.92949890669797
117.01863886329463 32.64281182374795
118.515881846623 31.688528158880025
116.79144742863005 33.96002330536412
117.81942872880637 30.940929694665662
117.0587387721073 30.537897817381097
118.07754612726298 30.277745895120198
118.32457035097686 32.31735059538377
115.82093225904637 32.90121133056961
116.9886924118307 33.63677238578078
117.88049041703327 31.608732547545824
116.50525268298414 31.75555835519844
115.78792824511814 33.87121056530193
117.49447677159357 30.660019248160626
118.75209631098257 30.951642354295757
119.33022110712668 26.04712549657293
118.10388604566381 24.489230612469232
119.07773096395962 25.448450136734262
117.64219393404412 26.270835279362192
118.60036234322938 24.901652383991102
117.67620467894616 24.517064779808482
118.18188294866125 26.643626474197838
117.01799673877318 25.07868543351518
119.54208214971854 26.656527419158913
115.89352754583604 28.689578000141147
117.18652262527252 29.303562768448288
113.85991703300718 27.639544222952306
115.99984802155373 29.71963952612237
114.9471174167892 27.82232155862896
117.03545018601243 28.241309597181967
114.9359090792838 25.84529553634676
114.99203871092017 27.113847650157084
114.40003867155777 27.811129895842885
116.36091886693136 27.954545170269935
117.95546387714894 28.457622553937274
117.02496706629023 36.68278472716141
120.38442818368189 36.10521490127382
118.05913427786938 36.80468485421204
117.27930538329689 34.80788307838604
118.61264305187912 37.408666288041196
121.30955503008511 37.53656156285964
119.14263382297052 36.71611487305138
122.09395836580605 37.52878708125143
116.60079762482256 35.40212166433135
117.08941491713698 36.18807775894815
119.50717994299387 35.42022519314436
117.68466691247161 36.23365413364694
118.34076823661057 35.07240907439113
116.32816136356094 37.46082592630501
115.98686913929107 36.455828514727976
117.96829241452845 37.405313941825895
115.46335977452752 35.26244049607468
113.64964384986449 34.756610064140254
114.35164211776365 34.80185417583674
112.44752476895121 34.65736781765111
113.30084897797529 33.74530145652439
113.21183588499157 35.234607554985935
114.29776983802476 35.75542587422399
113.91269016082377 35.3072575576613
114.35180650767198 36.1102667221811
115.02662744067226 35.75329788820758
113.8353124597886 34.026739588655204
114.04606140022909 33.57627868848315
111.1812620932674 34.783319941049726
112.5428419005123 33.0114195691165
115.64188568785016 34.43858864024636
114.0854909934702 32.128582307511664
114.65410194229541 33.62374081814082
114.04915354745555 32.98315815409348
114.31620010268132 30.58108412692075
115.05068316392396 30.21612712771406
112.17632579650555 32.094933645820944
110.80122891676038 32.636994339468124
112.09985718064648 30.396103360852894
111.31098109196083 30.73275781802591
112.21733029896677 31.04261120294864
114.89559404135665 30.384439322752247
113.93573439207124 30.927954784200963
114.9066180465751 30.446108937901133
114.30006059206065 29.88065675772815
113.37935836429192 31.717857608188574
109.517432662322 30.30897851129638
112.9793527876505 28.21347823085322
113.13169534107074 27.82743292766265
112.93555563303435 27.83509505297878
112.58381881071617 26.89816441535812
111.46152540355403 27.236811244922414
113.14619551911636 29.378007075474304
111.65371813684197 29.012148855180815
110.4816201569677 29.124889353219793
112.36654664522563 28.58808777988717
113.03770446779562 25.782263975738925
111.61464768615666 26.435971646759207
109.9869587958539 27.557482901172786
111.99639635657 27.741073302349072
109.74574580039429 28.31795079367364
113.30764967515182 23.12004910207623
114.0259736573215 22.546053546205247
113.56244702618993 22.25691464612574
116.72865028834109 23.383908453269196
113.5944611074356 24.80296031189189
113.1340256353934 23.035094840514382
113.07812534115365 22.57511678345104
110.36506726285033 21.257463103764316
110.93124533067585 21.66822571882161
112.4796533699162 23.078663282928925
114.41065807997101 23.11353985240842
116.12640309836864 24.30457060603053
115.3729242893998 22.77873050016389
114.71372147587483 23.757250850469006
111.97700975587391 21.87151730451877
113.04077334890835 23.698468550422163
113.76343399075655 23.043023815368237
121.67796628922625 38.900436431991984
116.63007599086392 23.661811676516503
116.37950085538243 23.547999466926136
112.05094595864539 22.937975685537467
108.29723355586638 22.80649293560261
109.42240181015114 24.329053352467223
110.26092014748276 25.262901245955238
111.30547195007331 23.485394636734455
109.12262791919323 21.472718235009687
108.35179115286083 21.61739847047181
108.6387980564235 21.973350465312727
109.61370755657885 23.10337316440881
110.15167631614493 22.643973608377276
106.63182140365117 23.901512367910115
111.5525941788367 24.41105354711281
108.06994770936778 24.699520782873197
109.23181650474223 23.741165926514817
107.35732203836824 22.415455296546437
110.3308018483363 20.022071276952243
109.52277128135884 18.257775914897483
104.06792346330406 30.679942845419564
104.77607133936438 29.359156889475667
101.72242315249032 26.587571257108653
105.44397028920636 28.895929803860103
104.40239781824484 31.131139652701417
104.70551897529307 31.50470125806144
105.81968693999652 32.441040158428244
105.56488779226322 30.55749135037996
105.07305599171474 29.599461534774647
103.76082423877176 29.600957611095073
106.10555398379239 30.800965168237234
104.63301906152529 28.76967479626591
106.75891196362113 30.59924998719945
107.49497344658866 31.214198858944734
103.84142956286796 30.06111507994454
103.00935646634746 29.999716337065788
106.75791584175442 31.869189159159983
112.34312135278857 28.69406942889747
102.22856468921427 31.90576285833887
101.96923206306379 30.055144114355528
102.25959080320287 27.89239290366571
106.7091770961758 26.62990674144093
104.85208676006856 26.59186606031868
106.93126031648453 27.699961377076246
105.92826996575766 26.228594577737493
109.16855802826001 27.674902690624183
105.33332337116845 27.408562131330886
104.9005577982516 25.095148055926884
107.98535257274064 26.583991766541615
107.52320511005807 26.26453599744225
102.71460113878045 25.049153100453157
103.78253888802674 25.520758142870502
102.54506789248256 24.370447134438425
99.17799561327821 25.120489196190352
103.72502065573349 27.340632963635457
100.22962839887937 26.875351089481363
100.98005773013449 22.78877778014943
100.09261291372643 23.887806103773013
104.03093981246279 23.416009535072305
103.3840647571592 23.367717516498995
100.80303827521057 22.00943300223615
101.3286379991764 24.880252472650806
100.21920895421849 25.693966622473024
98.58943428740686 24.441239663007963
98.85993204248207 25.860676978165355
99.7136815988831 27.831029461167333
91.11189089598402 29.662557062056536
96.36244047291781 30.51092480115795
92.22087273151023 28.35498237810687
88.95606277351817 29.26816003265482
92.06701836885875 31.480679830119627
81.10766868948997 30.404556588325356
95.46623424668277 29.12808019780241
125.15014857862096 42.98636494637781
108.96806701340064 34.90836769638356
107.17064545238307 34.36408080974784
108.70750927819563 34.34537299599856
109.48393269657977 34.5023579758288
109.50050975696925 36.60332035226031
107.04547762872542 33.08156897815767
109.74592574432862 38.279439240070595
109.03804456347515 32.70437044999437
109.93420815379513 33.87390739508516
103.8233054407292 36.06422552504259
98.281634585257 39.80239732673353
102.20812626259014 38.51607179953174
104.20564932849953 36.501821828710106
105.73693162285642 34.58431941886869
102.64014734336779 37.933172142905626
100.45989186892419 38.93932029698206
106.68891115654719 35.550110190016646
98.50841450616744 39.74147376815896
107.6442270867326 35.72680075452996
104.62663760066474 35.586056241828416
104.9345734057548 33.39447997293795
103.20057576109534 35.585834814564286
102.9174424864958 34.99221117837858
101.76792098980276 36.640738611957964
102.37668874251843 36.31274335417832
100.8798021744774 36.96065410108381
102.00760030834485 35.52285155172832
106.92539717866242 39.29620947939178
100.22372276899289 34.48048458460962
96.71235011948725 32.90657462992216
97.34262541533312 37.373799070589904
106.2064786078384 38.50262101187604
106.37933720152914 39.02022328360303
106.20825419850944 37.99356100293566
106.28526799598252 36.02152348070926
105.19675419935521 37.52112419159455
87.56498774111579 43.84038034721766
84.92698963494786 45.20391924603892
89.26602548864244 42.678924820793675
93.52937301238876 42.34446710455244
79.91581373103855 37.15334973968139
81.15601314780744 40.349444301112534
76.01434279894337 39.51311058531203
76.13756447746248 39.750345577845096
86.1216883629838 41.77136220256882
87.07361805322499 44.17508344789088
82.05243626722446 44.9136513742982
81.29785353036553 43.922248096340766
83.19012766308168 46.81136714371863
87.9262143601887 47.890135725748884
114.18612410257077 22.29358599327966
113.55751910182492 22.204117988443336
121.42171529922942 31.206748720157083
114.29349244944063 30.607022895804395
118.53225032938248 24.62102388930003
119.33692382985664 26.09283358580359
121.36052796411255 38.96584875626212
111.79979567462287 30.827987624082812
114.24663741029775 22.728825804821007
116.39564503787867 39.92998577808024
121.48789948569473 31.24916171001514

